82701	1.0	1	0	0	1
100699	1.0	1	0	0	1
109179	0.95	0	0	0	0
110979	0.875	0	1	1	0
110980	0.947	0	1	1	0
133900	1.0	0	0	0	0
141025	0.972	0	0	0	0
141029	0.972	0	0	0	0
141049	0.972	0	0	0	0
141054	0.972	0	0	0	0
141074	0.972	0	0	0	0
143573	1.0	0	0	0	0
167774	1.0	0	0	0	0
187087	1.0	0	0	0	0
194282	1.0	0	0	0	0
194290	1.0	0	0	0	0
210914	1.0	0	0	0	0
210995	1.0	0	0	0	0
228206	1.0	1	1	1	1
229978	0.999	1	1	1	1
238507	0.985	1	1	1	1
242798	1.0	0	0	0	0
256002	0.999	0	0	0	0
259775	0.927	1	0	1	0
259778	0.937	1	0	1	0
259818	0.914	0	0	0	1
264272	1.0	1	0	1	0
264979	1.0	0	0	0	0
264997	1.0	0	0	0	0
268573	1.0	0	0	0	0
278515	0.978	0	1	1	0
291789	0.999	0	1	1	0
291971	0.848	0	1	1	0
307202	0.999	0	0	0	0
355167	1.0	0	0	0	0
357828	1.0	0	1	1	0
358935	1.0	0	1	1	0
361877	0.812	0	0	0	0
362408	0.873	1	0	0	0
362441	0.587	1	1	1	1
362792	1.0	0	0	0	0
362795	1.0	0	0	0	0
365833	0.952	0	1	1	0
388516	0.971	1	1	0	1
414645	0.995	1	0	1	0
456717	1.0	0	0	0	0
456980	1.0	0	0	0	0
459720	0.997	0	1	0	1
480621	0.855	0	0	0	0
486741	0.995	0	1	0	1
486771	0.999	0	1	0	1
504937	1.0	0	0	0	0
523267	1.0	0	0	0	0
523947	1.0	0	0	0	0
527321	1.0	0	0	0	0
530306	0.978	0	0	0	0
537505	0.999	0	0	0	0
546624	0.974	1	0	1	0
562652	0.853	0	0	0	0
566768	0.9	0	0	0	0
575147	0.914	0	0	0	0
590297	0.999	1	0	1	0
595134	0.976	0	1	0	1
597708	1.0	0	1	0	1
597738	1.0	1	0	1	0
606714	1.0	1	0	1	0
619148	0.996	0	1	0	1
622522	0.996	0	0	0	0
623404	0.99	0	0	0	0
633815	0.977	0	0	0	0
644991	0.395	0	0	0	0
656057	0.794	1	0	1	1
678767	0.979	1	1	1	1
690763	0.924	0	0	0	0
702297	1.0	0	0	0	0
702570	1.0	0	0	0	0
737281	1.0	0	0	0	0
757491	0.997	0	0	0	0
757506	0.998	0	1	0	1
782436	0.994	0	0	0	0
782450	0.828	1	0	1	0
798887	1.0	0	0	0	0
799720	0.998	0	0	0	0
803068	1.0	0	0	0	0
811507	0.992	1	1	1	1
811541	0.998	0	1	0	0
816278	0.998	0	0	0	0
816362	1.0	0	0	0	0
830152	1.0	1	0	0	1
848897	1.0	1	0	0	1
856776	1.0	0	1	1	0
870146	0.99	1	1	1	1
879838	1.0	0	0	0	0
879853	1.0	0	1	1	0
917557	1.0	0	0	0	0
928557	1.0	0	0	0	0
934617	0.998	0	1	1	0
939770	0.984	0	0	0	0
939814	1.0	0	0	0	0
945338	1.0	0	0	0	0
945396	1.0	0	0	0	0
949338	0.997	0	1	1	0
957880	0.99	0	1	1	0
961527	1.0	0	0	0	0
995281	1.0	1	1	1	1
1000420	1.0	1	1	1	1
1006744	1.0	0	0	0	0
1038912	0.997	1	0	1	0
1043998	1.0	0	0	0	0
1095369	0.978	0	1	0	1
1124983	1.0	0	1	0	1
1169627	0.987	0	0	0	0
1170781	0.928	1	0	0	1
1192148	0.999	0	0	0	0
1194725	1.0	0	0	0	0
1200909	1.0	0	0	0	0
1207422	0.944	0	1	1	0
1217544	1.0	0	0	0	0
1217573	1.0	0	0	0	0
1232032	1.0	1	1	1	1
1310688	1.0	1	1	1	1
1319743	1.0	0	0	0	0
1327231	1.0	0	1	0	1
1335791	1.0	0	1	0	1
1336843	1.0	0	1	0	1
1340244	1.0	0	0	0	0
1342026	0.975	1	1	1	1
1369198	1.0	1	1	1	1
1370998	1.0	0	0	0	0
1374214	1.0	0	0	0	0
1381694	1.0	0	0	0	0
1389337	0.925	0	0	0	0
1389383	0.925	0	0	0	0
1389388	0.925	0	0	0	0
1389414	0.925	0	0	0	0
1389415	0.925	0	0	0	0
1389425	0.944	0	0	0	0
1389695	0.925	0	0	0	0
1389740	0.925	0	0	0	0
1389773	0.925	0	0	0	0
1389810	0.925	0	0	0	0
1389863	0.934	0	0	0	0
1389881	0.925	0	0	0	0
1389896	0.925	0	0	0	0
1389952	0.925	0	0	0	0
1390023	0.934	0	0	0	0
1390247	0.914	0	0	0	0
1390349	0.925	0	0	0	0
1390430	0.934	0	0	0	0
1390683	0.924	0	0	0	0
1395547	0.998	1	1	1	1
1412121	0.987	0	0	1	0
1412499	0.979	1	0	0	1
1418027	0.945	0	0	0	0
1441841	0.994	0	1	1	0
1447670	0.998	0	1	1	0
1450564	0.784	0	1	0	0
1450567	0.999	0	0	0	0
1453039	1.0	0	1	1	0
1456079	1.0	0	0	0	0
1472818	1.0	0	0	0	0
1481050	1.0	0	0	0	0
1485913	1.0	0	0	0	0
1490152	1.0	0	1	1	0
1505610	1.0	1	1	1	1
1510432	1.0	1	0	0	1
1510769	1.0	0	1	1	0
1518412	1.0	1	1	1	1
1520272	1.0	1	1	1	1
1534508	1.0	0	0	0	0
1538249	1.0	0	1	1	0
1538266	1.0	1	0	0	1
1541750	0.999	1	1	1	1
1542954	1.0	1	1	1	1
1542979	1.0	1	1	1	1
1542987	1.0	0	0	0	0
1544529	1.0	1	0	0	1
1556758	0.991	1	1	1	1
1558363	0.957	0	0	0	0
1596473	0.999	0	0	0	0
1629301	1.0	0	0	0	0
1649078	1.0	0	1	1	0
1650472	1.0	0	1	1	0
1673396	0.95	0	0	0	0
1673401	0.474	0	0	0	0
1673807	1.0	0	1	1	0
1673882	1.0	0	0	0	0
1687068	0.991	0	1	1	0
1712738	1.0	0	0	0	0
1714998	0.78	0	0	0	0
1723033	1.0	0	0	0	0
1723102	0.995	0	1	1	0
1723112	0.995	0	1	1	0
1723126	0.993	0	1	1	0
1723192	0.994	0	1	1	0
1727860	1.0	0	1	1	0
1727927	1.0	0	1	1	0
1738850	0.999	0	0	0	0
1747567	1.0	0	0	0	0
1749012	1.0	0	0	0	0
1759870	0.433	1	1	1	1
1784047	0.797	0	0	0	0
1838855	1.0	0	0	0	0
1857660	0.882	1	0	1	1
1871972	0.955	1	0	1	0
1881734	0.998	1	1	1	1
1893747	1.0	0	0	0	0
1893763	1.0	0	0	0	0
1893784	1.0	0	0	0	0
1895016	1.0	0	0	0	0
1920578	0.997	0	1	1	0
1920590	0.88	0	1	1	0
1936292	0.999	1	0	0	1
1946024	0.999	0	0	0	0
1992380	1.0	0	0	0	0
1992396	1.0	0	0	0	0
1996363	1.0	1	1	1	1
2033591	1.0	0	0	0	0
2046573	1.0	0	1	1	0
2049389	1.0	0	0	0	0
2054432	1.0	0	0	0	0
2054462	1.0	0	0	0	0
2054487	1.0	0	0	0	0
2054516	0.828	0	0	0	0
2056667	0.956	1	0	0	1
2061248	1.0	0	1	1	0
2115544	1.0	0	1	1	0
2126180	0.998	0	1	1	1
2140415	1.0	0	0	0	0
2142160	1.0	1	1	1	1
2146536	1.0	1	0	0	1
2158485	1.0	0	0	0	0
2159934	1.0	0	0	0	0
2168881	0.995	0	0	0	0
2170645	1.0	0	0	0	0
2171325	1.0	0	0	0	0
2188370	0.985	0	0	0	0
2188397	0.914	0	0	0	0
2235758	1.0	1	0	0	1
2237825	1.0	0	0	0	0
2237830	1.0	0	1	1	0
2237879	1.0	1	1	1	1
2268128	1.0	0	0	0	0
2275618	1.0	0	0	0	0
2277892	1.0	1	1	1	1
2280391	1.0	1	1	1	1
2285705	1.0	1	1	1	1
2298616	0.998	1	1	1	1
2327119	0.978	1	0	0	1
2327126	0.989	0	1	1	0
2328561	0.98	0	1	1	0
2340852	1.0	1	0	0	1
2345775	1.0	1	0	0	1
2349719	1.0	0	0	0	0
2361684	1.0	0	0	0	0
2361924	1.0	0	0	0	0
2369338	0.998	0	1	1	0
2381853	0.853	0	0	0	0
2396647	1.0	0	0	0	0
2401118	1.0	1	1	1	1
2405961	1.0	0	1	1	0
2407155	1.0	0	1	1	0
2407441	1.0	0	1	1	0
2414605	0.999	1	0	0	1
2427219	1.0	1	0	0	0
2448871	1.0	0	0	0	0
2477501	1.0	1	1	1	1
2477502	1.0	1	1	1	1
2479928	1.0	1	1	1	1
2480036	1.0	1	1	1	1
2482889	1.0	0	0	0	0
2484791	0.999	1	1	1	1
2515016	1.0	0	0	0	0
2527030	1.0	0	1	1	0
2544419	1.0	1	0	0	1
2544420	1.0	0	0	0	0
2550680	1.0	0	0	0	0
2557539	0.844	0	0	0	0
2560076	0.714	0	0	0	0
2564932	1.0	0	0	0	0
2564953	0.818	0	0	0	0
2565015	0.964	1	0	0	1
2565469	1.0	0	0	0	0
2591232	1.0	0	0	0	0
2609486	1.0	1	1	1	1
2609533	0.989	1	1	1	1
2609544	0.989	1	1	1	1
2609573	0.951	1	1	0	1
2609605	0.814	1	1	0	1
2609620	0.814	1	1	0	1
2615791	1.0	1	1	1	1
2617340	0.977	0	0	0	0
2617449	1.0	1	1	1	1
2617993	1.0	1	1	1	1
2618308	1.0	1	1	1	1
2619053	1.0	1	1	1	1
2621036	1.0	0	0	0	0
2626230	1.0	1	1	1	1
2626237	0.983	0	0	0	0
2627720	1.0	1	1	1	1
2627755	0.962	1	1	1	1
2629468	0.994	0	0	0	0
2630156	0.999	1	1	1	1
2633132	0.999	1	1	1	1
2633234	0.992	1	1	1	1
2633244	0.993	1	1	1	1
2633296	1.0	0	0	0	0
2638492	1.0	0	0	0	0
2645768	1.0	0	0	0	0
2645822	1.0	0	0	0	0
2648196	0.998	0	0	0	0
2648212	0.999	0	0	0	0
2656892	1.0	0	0	0	0
2661658	1.0	0	0	0	0
2663518	0.949	0	0	0	0
2678060	0.984	0	0	0	0
2678084	0.905	1	1	1	1
2699422	0.998	0	0	0	0
2709659	1.0	1	1	1	1
2720921	1.0	1	1	1	1
2721126	0.975	0	0	0	0
2721129	0.999	1	1	1	1
2721140	1.0	1	1	1	1
2732902	0.988	0	0	0	0
2732934	0.849	1	1	1	1
2732951	0.987	0	0	0	0
2746980	0.999	0	0	0	0
2757781	1.0	0	0	0	0
2762005	1.0	0	0	0	0
2762035	1.0	0	0	0	0
2774629	1.0	0	1	0	1
2797146	0.81	0	0	0	0
2820797	1.0	0	0	0	0
2835407	1.0	1	1	1	1
2844226	1.0	0	0	0	0
2861071	0.999	0	0	0	0
2875719	1.0	0	0	0	0
2893200	1.0	0	0	0	0
2918747	1.0	0	0	0	0
2927505	0.999	1	1	1	1
2981650	1.0	0	0	0	0
2991268	0.999	1	1	1	1
2999879	0.962	1	1	1	1
2999888	0.945	1	1	1	1
3000501	0.999	1	1	1	1
3022464	1.0	0	0	0	0
3029688	0.969	0	0	0	0
3029699	0.97	0	0	0	0
3036033	1.0	1	1	1	1
3038261	1.0	0	0	0	0
3038402	0.996	0	0	0	0
3039819	1.0	0	0	0	0
3044082	0.975	1	1	1	1
3044098	0.973	1	1	1	1
3044144	0.973	1	1	1	1
3044161	0.999	0	0	0	0
3044166	0.998	0	0	0	0
3044167	0.991	0	0	0	0
3044174	0.992	0	0	0	0
3044191	0.991	1	1	1	1
3044308	0.966	1	1	1	1
3044345	0.981	0	0	0	0
3044389	0.975	0	0	0	0
3044393	0.943	1	1	1	1
3053634	1.0	1	1	1	1
